0;37;3.00001;
1;37.1315;3.13154;
2;37.7556;3.75561;
3;37.4586;3.45865;
4;37.5328;3.53277;
5;37.219;3.21896;
6;37.047;3.04704;
7;37.6789;3.67886;
8;37.6793;3.6793;
9;37.9347;3.93469;
10;37.3835;3.3835;
11;37.5194;3.51942;
12;37.831;3.83097;
13;37.0346;3.03457;
14;37.0535;3.05346;
15;37.5297;3.5297;
16;37.6712;3.67115;
17;37.0077;3.0077;
18;37.3834;3.38342;
19;37.0668;3.06684;
20;37.4175;3.41749;
21;37.6868;3.68677;
22;37.589;3.58898;
23;37.9304;3.93044;
24;37.8462;3.84617;
25;37.5269;3.52693;
26;37.092;3.09196;
27;37.6539;3.65392;
28;37.416;3.416;
29;37.7012;3.70119;
30;37.9103;3.91032;
31;37.7622;3.7622;
32;37.2625;3.26245;
33;37.0475;3.04746;
34;37.7361;3.73608;
35;37.3282;3.32823;
36;37.6326;3.63264;
37;37.7564;3.75641;
38;37.991;3.99104;
39;37.3653;3.36534;
40;37.247;3.24704;
41;37.9826;3.98255;
42;37.7227;3.72266;
43;37.7534;3.75336;
44;37.6515;3.65152;
45;37.0727;3.07269;
46;37.6316;3.63163;
47;37.8847;3.88471;
48;37.2727;3.27271;
49;37.4364;3.43641;
50;37.7665;3.76649;
51;37.4777;3.47773;
52;37.2378;3.23777;
53;37.2749;3.27491;
54;37.3593;3.35926;
55;37.1665;3.16651;
56;37.4865;3.48652;
57;37.8977;3.89766;
58;37.9092;3.90921;
59;37.0606;3.06056;
60;37.9047;3.90465;
61;37.5045;3.50452;
62;37.5163;3.51629;
63;37.319;3.31903;
64;37.9866;3.98664;
65;37.494;3.49398;
66;37.2661;3.26614;
67;37.0907;3.09073;
68;37.9478;3.94776;
69;37.0737;3.07375;
70;37.5007;3.50071;
71;37.3841;3.38414;
72;37.2771;3.27708;
73;37.9138;3.91382;
74;37.5297;3.52975;
75;37.4644;3.46445;
76;37.941;3.94098;
77;37.0501;3.05008;
78;37.7615;3.76151;
79;37.7702;3.7702;
80;37.8278;3.82782;
81;37.1254;3.12537;
82;37.0159;3.01587;
83;37.6885;3.68846;
84;37.8682;3.86825;
85;37.6295;3.62954;
86;37.7362;3.73622;
87;37.7254;3.72541;
88;37.9995;3.99946;
89;37.8886;3.88857;
90;37.2332;3.23319;
91;37.3063;3.30632;
92;37.351;3.35102;
93;37.5133;3.51327;
94;37.5911;3.59111;
95;37.846;3.84598;
96;37.4121;3.41208;
97;37.8415;3.84151;
98;37.2693;3.26932;
99;37.4154;3.41539;
100;37.5373;3.5373;
101;37.4679;3.46792;
102;37.2872;3.28721;
103;37.1783;3.17833;
104;37.1537;3.15372;
105;37.5717;3.57165;
106;37.8024;3.80241;
107;37.0331;3.03305;
108;37.5345;3.53445;
109;37.4985;3.49848;
110;37.9554;3.95536;
111;37.7483;3.74829;
112;37.5546;3.55458;
113;37.8907;3.89074;
114;37.6248;3.62485;
115;37.842;3.84204;
116;37.1598;3.15977;
117;37.2128;3.21275;
118;37.7147;3.71471;
119;37.1304;3.13043;
120;37.091;3.09099;
121;37.2746;3.27459;
122;37.003;3.003;
123;37.4143;3.41429;
124;37.0269;3.02688;
125;37.7098;3.70982;
126;37.9379;3.9379;
127;37.2399;3.23991;
128;37.1809;3.1809;
129;37.3175;3.31754;
130;37.887;3.88699;
131;37.6521;3.65206;
132;37.1503;3.15034;
133;37.6813;3.68135;
134;37.3858;3.38581;
135;37.3877;3.38773;
136;37.4997;3.49974;
137;37.1475;3.14753;
138;37.5872;3.58719;
139;37.8456;3.84558;
140;37.5901;3.59011;
141;37.9554;3.95541;
142;37.5561;3.55615;
143;37.1482;3.14815;
144;37.9833;3.9833;
145;37.4088;3.40877;
146;37.1418;3.14182;
147;37.5649;3.5649;
148;37.2521;3.25213;
149;37.4885;3.48851;
150;37.464;3.46403;
151;37.9611;3.9611;
152;37.126;3.12603;
153;37.1998;3.19976;
154;37.3192;3.31925;
155;37.6293;3.62927;
156;37.1267;3.12671;
157;37.6513;3.65125;
158;37.6216;3.62163;
159;37.8031;3.80307;
160;37.2478;3.24784;
161;37.4764;3.47643;
162;37.3893;3.38931;
163;37.2033;3.20325;
164;37.0284;3.02838;
165;37.9017;3.90167;
166;37.4265;3.4265;
167;37.142;3.14202;
168;37.9475;3.94749;
169;37.4103;3.41031;
170;37.1312;3.13119;
171;37.8856;3.88565;
172;37.0922;3.09217;
173;37.1622;3.1622;
174;37.0711;3.07106;
175;37.3653;3.36534;
176;37.2531;3.25306;
177;37.1351;3.13511;
178;37.7832;3.78315;
179;37.4553;3.45531;
180;37.3495;3.34952;
181;37.4523;3.4523;
182;37.8089;3.80894;
183;37.9317;3.93167;
184;37.6516;3.65165;
185;37.2152;3.21525;
186;37.6796;3.67959;
187;37.9089;3.90892;
188;37.2501;3.25013;
189;37.8609;3.86086;
190;37.4713;3.47126;
191;37.506;3.50596;
192;37.6004;3.60039;
193;37.8176;3.81756;
194;37.7558;3.75584;
195;37.4622;3.46224;
196;37.9514;3.95137;
197;37.6327;3.63274;
198;37.4393;3.43933;
199;37.8247;3.8247;
200;37.689;3.68898;
201;37.7022;3.70221;
202;37.9871;3.98715;
203;37.9544;3.95441;
204;37.8513;3.85127;
205;37.2893;3.28932;
206;37.5374;3.53743;
207;37.5144;3.51443;
208;37.1034;3.10343;
209;37.414;3.41403;
210;37.5767;3.57672;
211;37.8766;3.87657;
212;37.44;3.44004;
213;37.7297;3.72975;
214;37.8693;3.86926;
215;37.7156;3.71564;
216;37.8007;3.80072;
217;37.7065;3.70654;
218;37.7417;3.74172;
219;37.0191;3.01909;
220;37.886;3.88603;
221;37.525;3.52499;
222;37.4633;3.46332;
223;37.0652;3.06519;
224;37.7134;3.71342;
225;37.4889;3.48894;
226;37.6677;3.66768;
227;37.682;3.68205;
228;37.1996;3.19955;
229;37.9166;3.91663;
230;37.8659;3.86588;
231;37.89;3.89002;
232;37.5439;3.54395;
233;37.1392;3.13919;
234;37.4503;3.45035;
235;37.9894;3.98936;
236;37.2155;3.21553;
237;37.446;3.44602;
238;37.3157;3.31573;
239;37.5147;3.51466;
240;37.8815;3.8815;
241;37.4397;3.43973;
242;37.4675;3.46753;
243;37.8066;3.80665;
244;37.3652;3.36516;
245;37.2115;3.21152;
246;37.9991;3.99912;
247;37.1536;3.1536;
248;37.6305;3.63049;
249;37.6164;3.61635;
250;37.0006;3.0006;
251;37.0009;3.00088;
252;37.7734;3.77335;
253;37.7273;3.72733;
254;37.3192;3.31918;
255;37.4177;3.41772;
256;37.6825;3.68249;
257;37.6806;3.68056;
258;37.2053;3.20526;
259;37.8364;3.83642;
260;37.7089;3.70892;
261;37.8287;3.82871;
262;37.0945;3.09455;
263;37.0817;3.08174;
264;37.764;3.764;
265;37.6296;3.62957;
266;37.2139;3.21385;
267;37.2135;3.21355;
268;37.0811;3.08106;
269;37.3888;3.38882;
270;37.9522;3.95216;
271;37.9475;3.94755;
272;37.3899;3.38985;
273;37.2692;3.26921;
274;37.6922;3.69217;
275;37.284;3.28403;
276;37.7769;3.77687;
277;37.7839;3.78387;
278;37.4225;3.42246;
279;37.2822;3.28216;
280;37.194;3.19397;
281;37.0113;3.01132;
282;37.1918;3.19182;
283;37.9832;3.98324;
284;37.2441;3.24405;
285;37.8197;3.81973;
286;37.1365;3.13646;
287;37.3981;3.39814;
288;37.601;3.60101;
289;37.1769;3.17688;
290;37.8284;3.82835;
291;37.1577;3.15773;
292;37.9879;3.98794;
293;37.2572;3.25717;
294;37.2336;3.2336;
295;37.1016;3.10164;
296;37.2194;3.21941;
297;37.6347;3.63472;
298;37.696;3.69601;
299;37.7948;3.79477;

